000625
000500
000500
000500
000501
000499
000625
000500
000501
000624
000501
000500
000625
000500
000376
000498
000626
000376
000624
000625
000375
000625
000625
000501
000500
000500
000499
002624
000503
000499
000626
000500
000622
000627
000499
003001
000625
000375
000626
000500
000499
000635
000491
000501
000499
000501
000498
000627
000872
000502
000500
000499
000501
000625
002251
000499
000625
000500
000625
000500
000500
000750
000502
000378
000496
000499
000626
000625
000500
000499
000500
000500
001125
000501
000499
004003
000498
000500
003376
000500
000500
000875
002748
000377
000625
000500
000625
000501
000499
000375
001000
000625
000375
000625
001126
000500
000500
000625
000500
006250
007876
000376
004886
000618
000496
000501
003374
000501
001250
000751
000373
000625
000500
000626
000500
000626
000499
000500
000625
000500
000499
000376
000500
000499
000501
000500
000500
000500
000625
001000
000500
000500
000625
000376
000625
000499
000500
000501
000499
000500
000501
000502
001252
000508
000490
000373
000625
000500
000376
000499
000501
001623
000501
000375
000625
000500
000501
000499
000501
000499
000625
000500
000501
000499
000501
000625
000500
000500
001624
000502
000499
000500
000501
000500
000499
000501
000500
000500
000499
000625
000752
000997
000501
001374
000502
000500
000500
000626
000374
000500
000627
000498
001001
000875
000500
000626
000499
000375
000502
000498
000500
000625
000500
008127
000625
000624
000375
000626
000498
000629
000505
001243
000500
000500
001374
000626
000500
000500
000625
001002
000497
000626
000500
000501
000625
000501
000499
000625
000625
000500
000875
000625
000500
000500
000625
000500
000625
000875
000500
002499
000626
000500
000626
000631
000369
000500
000625
000500
001000
000498
000377
000500
000625
000626
000499
000625
000501
000499
000500
003251
000500
000625
000500
000501
001500
000624
000500
000500
000500
000500
000501
000998
000502
000625
000499
000500
000501
000750
000500
000499
000501
000500
000625
000501
000499
000751
000624
000500
000500
000625
000501
000500
000500
000374
000500
000503
000498
000499
000751
000499
000626
000500
000500
000499
000626
000385
000617
000498
001251
000500
000500
000625
000499
000500
000501
000500
000499
000500
000501
001124
000501
000625
000502
000373
000625
000375
000626
000374
000625
000625
000626
000500
000499
000626
000375
000500
000624
000500
000625
000501
000500
001000
000500
000500
000624
000501
000375
000500
000625
000500
000748
000877
000500
000625
000501
000374
000500
000502
000624
000625
000625
000375
006001
000500
000626
000624
000500
000500
000625
000501
000499
000750
000500
000501
000625
000874
000625
000501
000499
000625
000501
000874
000500
000501
000999
000501
000625
000501
000498
000625
000501
000501
000498
000501
000501
000999
000625
000500
000625
000625
000501
000499
000625
000501
000624
000375
000874
000502
000500
000500
000500
000500
000625
000500
000874
000625
002874
000752
000500
003501
000500
000500
000501
000624
000500
000500
000375
000625
001626
000750
000625
000507
000493
000500
000501
000499
000500
000500
000625
000501
000374
000625
000376
000499
000625
000500
000375
000507
000618
000376
001124
000376
000500
000624
000500
000500
000501
000625
000625
000624
000376
000625
000626
000998
000501
000376
000499
000502
000625
000499
000499
002375
000508
000493
000500
000500
000625
000499
000501
000500
000501
002123
000626
000500
000631
000495
000499
000500
000500
000500
000501
000499
000625
000500
000626
000500
000499
000500
000376
000499
000501
001750
000499
000501
000500
000500
000501
000499
000500
000625
000751
000500
000624
000522
000604
000501
000501
000498
000500
000388
000611
000501
007500
000501
000501
000625
000499
000625
000500
000375
000501
000500
001373
000502
000499
000500
000626
000500
000375
000500
000500
000625
000750
000501
000625
000998
000502
000374
001379
000623
000499
000874
000376
004124
000501
000500
000625
000626
000627
000498
000625
000624
000500
000501
000500
000499
000501
001001
000499
000500
003252
000624
000499
000376
000500
000625
000499
000625
001626
000375
000500
001625
004123
000503
000625
000501
000624
000375
000500
000500
000626
000499
000500
000501
000499
000625
000876
000499
000376
000500
000626
000374
000625
000500
000499
000500
000501
000500
000501
001748
000376
000500
000625
000501
000500
000499
000625
000501
001497
000503
001248
000376
000626
000501
000499
000500
000500
001000
000375
000501
000625
000500
000625
000624
000625
000375
000626
000374
000625
000501
000625
000374
000500
000500
000626
000499
000500
000529
000471
000500
000501
000626
000624
000500
000500
000750
000500
000625
000529
004346
000501
004000
000501
000499
000500
000376
000625
000500
000500
000500
000499
000501
000625
000375
000625
000500
000500
000500
000645
000481
000499
001000
000500
000501
000624
000501
000499
000500
000501
000625
000500
000500
000749
000502
000624
000500
000625
000500
000500
000500
000375
000501
000500
000500
001124
000501
000625
000501
000374
000500
000500
000500
000625
000500
000500
000500
000625
000500
000500
000500
000500
000501
000499
005376
000500
000500
000500
000625
000626
000500
000624
000500
000626
000375
000500
000624
000501
000500
001122
001377
000501
003375
000501
000500
000499
000501
000374
000500
000625
000501
000625
000375
000500
000500
000625
000499
000876
000500
000501
000374
000625
000749
000501
000375
000625
000500
000501
000499
001374
000627
000374
000500
000626
000500
000500
000624
000507
000868
000502
001249
000626
000624
000501
000500
000500
000626
000499
001250
000500
000625
000500
000513
000490
000621
000377
000624
000500
000500
000500
000501
000499
000500
000625
000500
000500
000500
000501
000499
000500
000375
000501
001249
000501
000500
000375
000624
000377
000625
000499
006750
000751
000499
000501
000500
000626
000498
000500
000625
000501
000500
000499
000627
000499
000625
000625
000375
000629
000497
000499
000376
000626
000499
001500
000500
000500
000500
000500
000625
000625
000500
000500
000627
000749
001248
000627
000751
000500
000500
000624
000499
000501
000375
000625
000500
000376
000499
000627
001622
000751
001624
000377
000625
000500
000375
000500
000499
000502
003375
000499
011127
000499
000625
007626
001373
003126
000501
000500
000501
000499
000626
001249
000749
002250
001377
001375
000625
002376
000501
001247
000750
004500
000627
000375
000627
000499
000499
000501
000500
000500
000751
000624
000375
000625
000375
000500
000500
000500
000500
000500
000501
002374
000500
000500
000500
000500
000505
000620
004501
000625
000748
000629
000498
000375
000625
000500
000626
001373
000501
000500
000625
000375
000626
000499
000500
000500
000501
000499
000500
000626
000500
000374
000625
000501
002000
000625
000499
000501
000625
000500
000500
000500
001004
000371
000625
000625
000500
000501
000627
000372
000625
000625
000375
001126
001249
000626
000501
000499
000625
000500
000500
000500
000500
000625
000376
000624
000500
003126
000500
000500
000750
000625
000375
000500
000625
000500
000625
000500
000627
004248
000501
